1
0.01784589685826116
0.3641996383666992
Model_Permutation9
1
0.032140213297697916
0.6738998889923096
Model_Permutation7
1
0.032140213297697916
0.6849138736724854
Model_Permutation7
2
0.04905862649236871
2.198687791824341
Model_Permutation7
3
0.0658074220977403
4.333775043487549
Model_Permutation7
4
0.08113007898844048
4.394712686538696
Model_Permutation9
5
0.09558369450756779
6.153571844100952
Model_Permutation9
6
0.11027057903513181
7.235491991043091
Model_Permutation9
7
0.12479855147684363
8.344231128692627
Model_Permutation9
8
0.13937826167743825
9.89866018295288
Model_Permutation9
9
0.15393532118319692
10.472655534744263
Model_Permutation9
10
0.16837060864052003
10.436362266540527
Model_Permutation9
1
0.02294268831099158
3.122265577316284
Model_Permutation6
2
0.03793320698226291
12.464560985565186
Model_Permutation2
3
0.05238128784078393
19.947279930114746
Model_Permutation2
4
0.06737609082211608
19.987594842910767
Model_Permutation5
5
0.08104702125507443
28.11322283744812
Model_Permutation5
6
0.09462592287052866
36.2492995262146
Model_Permutation5
7
0.1082267420948614
43.46970582008362
Model_Permutation5
8
0.12189288662176528
52.91674733161926
Model_Permutation5
9
0.13552392542922878
55.11033487319946
Model_Permutation5
10
0.14916794812885428
57.704904317855835
Model_Permutation5
