1
0.05732290998009149
1.202758550643921
Model_Permutation9
2
0.0815547545782167
4.022921323776245
Model_Permutation9
3
0.10588931888014795
8.370422601699829
Model_Permutation9
4
0.13025262725606626
7.902238130569458
Model_Permutation9
5
0.154564495885675
10.9544358253479
Model_Permutation9
6
0.17907092868232932
15.591997385025024
Model_Permutation9
7
0.20345569249854517
18.87345600128174
Model_Permutation9
8
0.22785797475130853
20.49034333229065
Model_Permutation9
9
0.25249236338502945
21.067051887512207
Model_Permutation9
