1
0.03779573064472192
4.6951141357421875
Model_Permutation9
2
0.056471012144553995
15.890434503555298
Model_Permutation9
3
0.07530547495108071
31.9452006816864
Model_Permutation9
4
0.09419791790210605
31.87083601951599
Model_Permutation5
5
0.11294225860592384
42.92047834396362
Model_Permutation5
6
0.13196299906822448
59.94891715049744
Model_Permutation5
7
0.15079616737036144
69.88820600509644
Model_Permutation5
8
0.16993256339383447
77.8195493221283
Model_Permutation9
9
0.1890076251733652
90.20070028305054
Model_Permutation9
