1
0.017043164678482096
3.6561756134033203
Model_Permutation8
2
0.02595473232438809
6.750890254974365
Model_Permutation8
3
0.035110766740281345
10.257615804672241
Model_Permutation8
4
0.04319051931407238
13.254020690917969
Model_Permutation8
5
0.05304577149397371
17.356921195983887
Model_Permutation8
6
0.06213518988624859
20.776570081710815
Model_Permutation1
7
0.07107703585933582
23.880282878875732
Model_Permutation5
8
0.07990353783636596
25.47810983657837
Model_Permutation1
9
0.08773065703882933
36.4306480884552
Model_Permutation8
10
0.09733153802881125
42.877076625823975
Model_Permutation8
11
0.10660109015766271
38.45977282524109
Model_Permutation1
12
0.1155316207210829
45.33038377761841
Model_Permutation1
13
0.12450919195971853
48.58496880531311
Model_Permutation1
14
0.133235810137404
56.205524921417236
Model_Permutation1
15
0.14227089199181134
55.756125688552856
Model_Permutation5
16
0.15108798613259966
53.34957981109619
Model_Permutation1
17
0.16003451714950798
83.40956377983093
Model_Permutation1
18
0.16879629836345839
81.16114687919617
Model_Permutation1
19
0.17663589135053184
67.7583122253418
Model_Permutation8
